2.000000000000000000e+00
2.012024048096192175e+00
2.024048096192384794e+00
2.036072144288576968e+00
2.048096192384769587e+00
2.060120240480961762e+00
2.072144288577154381e+00
2.084168336673346555e+00
2.096192384769539174e+00
2.108216432865731349e+00
2.120240480961923968e+00
2.132264529058116143e+00
2.144288577154308761e+00
2.156312625250500936e+00
2.168336673346693555e+00
2.180360721442885730e+00
2.192384769539078349e+00
2.204408817635270523e+00
2.216432865731462698e+00
2.228456913827655317e+00
2.240480961923847492e+00
2.252505010020040110e+00
2.264529058116232285e+00
2.276553106212424904e+00
2.288577154308617079e+00
2.300601202404809698e+00
2.312625250501001872e+00
2.324649298597194491e+00
2.336673346693386666e+00
2.348697394789579285e+00
2.360721442885771459e+00
2.372745490981964078e+00
2.384769539078156253e+00
2.396793587174348872e+00
2.408817635270541047e+00
2.420841683366733221e+00
2.432865731462925840e+00
2.444889779559118459e+00
2.456913827655310634e+00
2.468937875751502808e+00
2.480961923847695427e+00
2.492985971943887602e+00
2.505010020040080221e+00
2.517034068136272396e+00
2.529058116232465014e+00
2.541082164328657189e+00
2.553106212424849808e+00
2.565130260521041983e+00
2.577154308617234602e+00
2.589178356713426776e+00
2.601202404809619395e+00
2.613226452905811570e+00
2.625250501002003745e+00
2.637274549098196363e+00
2.649298597194388982e+00
2.661322645290581157e+00
2.673346693386773332e+00
2.685370741482965951e+00
2.697394789579158569e+00
2.709418837675350744e+00
2.721442885771542919e+00
2.733466933867735538e+00
2.745490981963927712e+00
2.757515030060120331e+00
2.769539078156312506e+00
2.781563126252505125e+00
2.793587174348697300e+00
2.805611222444889918e+00
2.817635270541082093e+00
2.829659318637274268e+00
2.841683366733466887e+00
2.853707414829659506e+00
2.865731462925851680e+00
2.877755511022043855e+00
2.889779559118236474e+00
2.901803607214429093e+00
2.913827655310621267e+00
2.925851703406813442e+00
2.937875751503006061e+00
2.949899799599198236e+00
2.961923847695390855e+00
2.973947895791583029e+00
2.985971943887775648e+00
2.997995991983967823e+00
3.010020040080160442e+00
3.022044088176352616e+00
3.034068136272544791e+00
3.046092184368737410e+00
3.058116232464930029e+00
3.070140280561122204e+00
3.082164328657314378e+00
3.094188376753506997e+00
3.106212424849699616e+00
3.118236472945891791e+00
3.130260521042083965e+00
3.142284569138276584e+00
3.154308617234469203e+00
3.166332665330661378e+00
3.178356713426853553e+00
3.190380761523046171e+00
3.202404809619238790e+00
3.214428857715430965e+00
3.226452905811623140e+00
3.238476953907815314e+00
3.250501002004007933e+00
3.262525050100200552e+00
3.274549098196392727e+00
3.286573146292584902e+00
3.298597194388777520e+00
3.310621242484970139e+00
3.322645290581162314e+00
3.334669338677354489e+00
3.346693386773547108e+00
3.358717434869739726e+00
3.370741482965931901e+00
3.382765531062124076e+00
3.394789579158316695e+00
3.406813627254509314e+00
3.418837675350701488e+00
3.430861723446893663e+00
3.442885771543085838e+00
3.454909819639278457e+00
3.466933867735471075e+00
3.478957915831663250e+00
3.490981963927855425e+00
3.503006012024048044e+00
3.515030060120240663e+00
3.527054108216432837e+00
3.539078156312625012e+00
3.551102204408817631e+00
3.563126252505010250e+00
3.575150300601202424e+00
3.587174348697394599e+00
3.599198396793587218e+00
3.611222444889779837e+00
3.623246492985972012e+00
3.635270541082164186e+00
3.647294589178356805e+00
3.659318637274548980e+00
3.671342685370741599e+00
3.683366733466933773e+00
3.695390781563125948e+00
3.707414829659318567e+00
3.719438877755511186e+00
3.731462925851703361e+00
3.743486973947895535e+00
3.755511022044088154e+00
3.767535070140280773e+00
3.779559118236472948e+00
3.791583166332665122e+00
3.803607214428857741e+00
3.815631262525050360e+00
3.827655310621242535e+00
3.839679358717434710e+00
3.851703406813627328e+00
3.863727454909819947e+00
3.875751503006012122e+00
3.887775551102204297e+00
3.899799599198396471e+00
3.911823647294589090e+00
3.923847695390781709e+00
3.935871743486973884e+00
3.947895791583166059e+00
3.959919839679358677e+00
3.971943887775551296e+00
3.983967935871743471e+00
3.995991983967935646e+00
4.008016032064128709e+00
4.020040080160320883e+00
4.032064128256513058e+00
4.044088176352705233e+00
4.056112224448897408e+00
4.068136272545089582e+00
4.080160320641282645e+00
4.092184368737474820e+00
4.104208416833667883e+00
4.116232464929860058e+00
4.128256513026052232e+00
4.140280561122244407e+00
4.152304609218436582e+00
4.164328657314628757e+00
4.176352705410821819e+00
4.188376753507013994e+00
4.200400801603206169e+00
4.212424849699399232e+00
4.224448897795591407e+00
4.236472945891783581e+00
4.248496993987975756e+00
4.260521042084167931e+00
4.272545090180360106e+00
4.284569138276553169e+00
4.296593186372745343e+00
4.308617234468938406e+00
4.320641282565130581e+00
4.332665330661322756e+00
4.344689378757514930e+00
4.356713426853707105e+00
4.368737474949899280e+00
4.380761523046092343e+00
4.392785571142284518e+00
4.404809619238477580e+00
4.416833667334669755e+00
4.428857715430861930e+00
4.440881763527054105e+00
4.452905811623246279e+00
4.464929859719438454e+00
4.476953907815630629e+00
4.488977955911823692e+00
4.501002004008015867e+00
4.513026052104208929e+00
4.525050100200401104e+00
4.537074148296593279e+00
4.549098196392785454e+00
4.561122244488977628e+00
4.573146292585169803e+00
4.585170340681362866e+00
4.597194388777555041e+00
4.609218436873748104e+00
4.621242484969940278e+00
4.633266533066132453e+00
4.645290581162324628e+00
4.657314629258516803e+00
4.669338677354708977e+00
4.681362725450901152e+00
4.693386773547094215e+00
4.705410821643286390e+00
4.717434869739479453e+00
4.729458917835671627e+00
4.741482965931863802e+00
4.753507014028055977e+00
4.765531062124248152e+00
4.777555110220440326e+00
4.789579158316633389e+00
4.801603206412825564e+00
4.813627254509018627e+00
4.825651302605210802e+00
4.837675350701402976e+00
4.849699398797595151e+00
4.861723446893787326e+00
4.873747494989979501e+00
4.885771543086171675e+00
4.897795591182364738e+00
4.909819639278556913e+00
4.921843687374749976e+00
4.933867735470942151e+00
4.945891783567134325e+00
4.957915831663326500e+00
4.969939879759518675e+00
4.981963927855710850e+00
4.993987975951903913e+00
5.006012024048096087e+00
5.018036072144289150e+00
5.030060120240481325e+00
5.042084168336673500e+00
5.054108216432865675e+00
5.066132264529057849e+00
5.078156312625250024e+00
5.090180360721442199e+00
5.102204408817635262e+00
5.114228456913827436e+00
5.126252505010020499e+00
5.138276553106212674e+00
5.150300601202404849e+00
5.162324649298597024e+00
5.174348697394789198e+00
5.186372745490981373e+00
5.198396793587174436e+00
5.210420841683366611e+00
5.222444889779559674e+00
5.234468937875751848e+00
5.246492985971944023e+00
5.258517034068136198e+00
5.270541082164328373e+00
5.282565130260520547e+00
5.294589178356713610e+00
5.306613226452905785e+00
5.318637274549097960e+00
5.330661322645291023e+00
5.342685370741483197e+00
5.354709418837675372e+00
5.366733466933867547e+00
5.378757515030059722e+00
5.390781563126251896e+00
5.402805611222444959e+00
5.414829659318637134e+00
5.426853707414830197e+00
5.438877755511022372e+00
5.450901803607214546e+00
5.462925851703406721e+00
5.474949899799598896e+00
5.486973947895791071e+00
5.498997995991984133e+00
5.511022044088176308e+00
5.523046092184368483e+00
5.535070140280561546e+00
5.547094188376753721e+00
5.559118236472945895e+00
5.571142284569138070e+00
5.583166332665330245e+00
5.595190380761522420e+00
5.607214428857715482e+00
5.619238476953907657e+00
5.631262525050100720e+00
5.643286573146292895e+00
5.655310621242485070e+00
5.667334669338677244e+00
5.679358717434869419e+00
5.691382765531061594e+00
5.703406813627254657e+00
5.715430861723446831e+00
5.727454909819639894e+00
5.739478957915832069e+00
5.751503006012024244e+00
5.763527054108216419e+00
5.775551102204408593e+00
5.787575150300600768e+00
5.799599198396792943e+00
5.811623246492986006e+00
5.823647294589178181e+00
5.835671342685371243e+00
5.847695390781563418e+00
5.859719438877755593e+00
5.871743486973947768e+00
5.883767535070139942e+00
5.895791583166332117e+00
5.907815631262525180e+00
5.919839679358717355e+00
5.931863727454910418e+00
5.943887775551102592e+00
5.955911823647294767e+00
5.967935871743486942e+00
5.979959919839679117e+00
5.991983967935871291e+00
6.004008016032064354e+00
6.016032064128256529e+00
6.028056112224448704e+00
6.040080160320640879e+00
6.052104208416833941e+00
6.064128256513026116e+00
6.076152304609218291e+00
6.088176352705410466e+00
6.100200400801603529e+00
6.112224448897795703e+00
6.124248496993987878e+00
6.136272545090180053e+00
6.148296593186373116e+00
6.160320641282565290e+00
6.172344689378757465e+00
6.184368737474949640e+00
6.196392785571141815e+00
6.208416833667334878e+00
6.220440881763527052e+00
6.232464929859719227e+00
6.244488977955911402e+00
6.256513026052104465e+00
6.268537074148296639e+00
6.280561122244488814e+00
6.292585170340680989e+00
6.304609218436874052e+00
6.316633266533066227e+00
6.328657314629258401e+00
6.340681362725450576e+00
6.352705410821643639e+00
6.364729458917835814e+00
6.376753507014027988e+00
6.388777555110220163e+00
6.400801603206412338e+00
6.412825651302605401e+00
6.424849699398797576e+00
6.436873747494989750e+00
6.448897795591181925e+00
6.460921843687374988e+00
6.472945891783567163e+00
6.484969939879759337e+00
6.496993987975951512e+00
6.509018036072144575e+00
6.521042084168336750e+00
6.533066132264528925e+00
6.545090180360721099e+00
6.557114228456914162e+00
6.569138276553106337e+00
6.581162324649298512e+00
6.593186372745490686e+00
6.605210420841683749e+00
6.617234468937875924e+00
6.629258517034068099e+00
6.641282565130260274e+00
6.653306613226452448e+00
6.665330661322645511e+00
6.677354709418837686e+00
6.689378757515029861e+00
6.701402805611222036e+00
6.713426853707415098e+00
6.725450901803607273e+00
6.737474949899799448e+00
6.749498997995991623e+00
6.761523046092184686e+00
6.773547094188376860e+00
6.785571142284569035e+00
6.797595190380761210e+00
6.809619238476954273e+00
6.821643286573146447e+00
6.833667334669338622e+00
6.845691382765530797e+00
6.857715430861722972e+00
6.869739478957916035e+00
6.881763527054108209e+00
6.893787575150300384e+00
6.905811623246492559e+00
6.917835671342685622e+00
6.929859719438877796e+00
6.941883767535069971e+00
6.953907815631262146e+00
6.965931863727455209e+00
6.977955911823647384e+00
6.989979959919839558e+00
7.002004008016031733e+00
7.014028056112224796e+00
7.026052104208416971e+00
7.038076152304609145e+00
7.050100200400801320e+00
7.062124248496993495e+00
7.074148296593186558e+00
7.086172344689378733e+00
7.098196392785570907e+00
7.110220440881763082e+00
7.122244488977956145e+00
7.134268537074148320e+00
7.146292585170340494e+00
7.158316633266532669e+00
7.170340681362725732e+00
7.182364729458917907e+00
7.194388777555110082e+00
7.206412825651302256e+00
7.218436873747495319e+00
7.230460921843687494e+00
7.242484969939879669e+00
7.254509018036071843e+00
7.266533066132264906e+00
7.278557114228457081e+00
7.290581162324649256e+00
7.302605210420841431e+00
7.314629258517033605e+00
7.326653306613226668e+00
7.338677354709418843e+00
7.350701402805611018e+00
7.362725450901803192e+00
7.374749498997996255e+00
7.386773547094188430e+00
7.398797595190380605e+00
7.410821643286572780e+00
7.422845691382765843e+00
7.434869739478958017e+00
7.446893787575150192e+00
7.458917835671342367e+00
7.470941883767535430e+00
7.482965931863727604e+00
7.494989979959919779e+00
7.507014028056111954e+00
7.519038076152304129e+00
7.531062124248497192e+00
7.543086172344689366e+00
7.555110220440881541e+00
7.567134268537073716e+00
7.579158316633266779e+00
7.591182364729458953e+00
7.603206412825651128e+00
7.615230460921843303e+00
7.627254509018036366e+00
7.639278557114228541e+00
7.651302605210420715e+00
7.663326653306612890e+00
7.675350701402805953e+00
7.687374749498998128e+00
7.699398797595190302e+00
7.711422845691382477e+00
7.723446893787574652e+00
7.735470941883767715e+00
7.747494989979959890e+00
7.759519038076152064e+00
7.771543086172344239e+00
7.783567134268537302e+00
7.795591182364729477e+00
7.807615230460921651e+00
7.819639278557113826e+00
7.831663326653306889e+00
7.843687374749499064e+00
7.855711422845691239e+00
7.867735470941883413e+00
7.879759519038076476e+00
7.891783567134268651e+00
7.903807615230460826e+00
7.915831663326653000e+00
7.927855711422846063e+00
7.939879759519038238e+00
7.951903807615230413e+00
7.963927855711422588e+00
7.975951903807614762e+00
7.987975951903807825e+00
8.000000000000000000e+00
